chrom	pos	rsid	other_allele	effect_allele	p	beta	se	OR	OR_lower	OR_upper
1	15229101	rs4661543	G	T	9.39891e-11	-0.2744368457017603	0.0423754562486024	0.76	0.699427776805612	0.825817931678354
1	24873860	rs12095513	G	A	3.987569999999999e-06	-0.1863295781914934	0.0404007804244873	0.83	0.7668108579550275	0.8983962509831896
1	67802371	rs6659932	C	A	1.50917e-06	0.1823215567939546	0.0379045507970313	1.2	1.114079649086773	1.2925467233697234
1	92665899	rs12753920	A	G	9.34992e-06	0.131028262406404	0.0295662347464894	1.14	1.075814923005409	1.2080144755469857
1	114303808	rs6679677	C	A	4.545520000000001e-13	0.3364722366212129	0.0464853803748585	1.4	1.2780824785589595	1.533547351505752
1	114449829	rs11102701	T	A	8.15784e-06	0.1823215567939546	0.0408701165744485	1.2	1.1076228345096293	1.3000815396131862
1	159171603	rs3845622	C	A	1.1214500000000007e-07	-0.2613647641344075	0.049259672115562	0.77	0.6991333925981922	0.8480498947369733
1	161478810	rs6671847	G	A	6.64016e-12	0.1988508587451651	0.0289650808172255	1.22	1.1526680518851429	1.2912650763294609
1	173251856	rs10912578	G	A	1.64776e-15	0.2468600779315258	0.0309917988523765	1.28	1.2045621647748013	1.36016226302966
1	173314540	rs4916215	T	C	5.06636e-11	-0.2231435513142097	0.0339693228146399	0.8	0.7484705479214824	0.855077065860898
1	173375959	rs6684449	G	A	8.72266e-07	-0.1508228897345836	0.030664641269868	0.86	0.8098343271458319	0.9132732155311756
1	183189034	rs10911286	C	G	1.3384600000000002e-07	-0.2484613592984996	0.0471150740302974	0.78	0.7111962238115238	0.8554601102061445
1	183224185	rs80087370	A	T	1.47784e-10	0.6312717768418578	0.0985185234802917	1.88	1.5498768417216124	2.280439261273151
1	183256944	rs79085032	G	A	1.0836300000000001e-13	0.6312717768418578	0.0849592821077286	1.88	1.591618756066174	2.2206322880584675
1	183260659	rs946173	A	G	2.69112e-11	0.2700271372130602	0.0405290816376267	1.31	1.2099634314421388	1.4183073268211124
1	183442324	rs78517564	A	C	1.89849e-10	-0.3285040669720361	0.0515758779677673	0.72	0.6507740439117566	0.7965898530370606
1	183542323	rs17849501	C	T	1.8137e-59	0.8109302162163288	0.0498642326549637	2.25	2.040502947196011	2.481005973040477
1	183550475	rs35734725	A	C	6.61938e-08	0.1823215567939546	0.0337557030500303	1.2	1.123175991324748	1.2820786867973992
1	183676637	rs144762380	A	G	2.29451e-06	0.6312717768418578	0.1335858824277039	1.88	1.446929098207825	2.442690526009691
1	183746262	rs13375745	G	A	3.47091e-06	-0.2357223335210698	0.0507936525731587	0.79	0.7151393268354618	0.8726970767524185
1	184953111	rs75056196	G	A	4.00555e-07	-0.4155154439616658	0.0819768287627006	0.66	0.5620356323521075	0.7750398283059438
1	246444082	rs1780813	C	T	8.357040000000001e-07	-0.6348782724359695	0.128861167246797	0.53	0.4117058420506927	0.6822832501012049
2	40282854	rs34703115	T	C	4.08053e-09	-0.616186139423817	0.1047776058073967	0.54	0.4397494057038502	0.6631049325314573
2	65576306	rs113947673	C	A	3.36568e-07	0.1823215567939546	0.0357372232104561	1.2	1.1188222833120482	1.287067679539926
2	65654364	rs268124	T	C	8.603059999999999e-09	-0.1863295781914934	0.0323702641400512	0.83	0.7789758024588262	0.8843663664846799
2	113829869	rs13019891	G	T	1.6471899999999997e-83	-0.5621189181535413	0.0290335970670711	0.57	0.5384693139029507	0.6033770014581687
2	119450163	rs512681	C	A	8.748790000000001e-13	-0.3011050927839216	0.0421191900626172	0.74	0.6813639333954284	0.8036821046150108
2	123942019	rs148022322	T	A	1.3858199999999998e-06	-0.8915981192837836	0.1847093391353713	0.41	0.2854671196870988	0.5888594111442843
2	124132701	rs189830238	G	T	2.60437e-06	-0.916290731874155	0.1949644412141408	0.4	0.2729624506526918	0.5861612086842618
2	135046984	rs4954125	G	T	8.80405e-08	-0.1743533871447778	0.0325904989403285	0.84	0.7880208224315771	0.8954078114620712
2	155643609	rs6717904	G	A	8.43763e-06	0.1397619423751586	0.0313806073046234	1.15	1.081399409655606	1.2229523968587863
2	163124051	rs1990760	T	C	2.47622e-06	-0.1392620673335076	0.0295668282290924	0.87	0.8210156967400063	0.9219068563553784
2	191262925	rs10202630	T	C	1.4626e-06	0.1397619423751586	0.0290186558783171	1.15	1.0864172728449826	1.217303915407007
2	191520845	rs2293765	A	C	3.60855e-19	0.262364264467491	0.0293198679805132	1.3	1.2273990331194988	1.3768953326488913
2	191634597	rs6705471	C	T	3.17527e-07	0.2700271372130602	0.0528146126303132	1.31	1.181175933968469	1.4528741660307227
2	191809570	rs13399044	C	A	8.768600000000001e-07	0.1570037488096647	0.0319279828443848	1.17	1.099026625810022	1.245556720694616
2	191869911	rs11693463	A	G	1.29905e-12	0.378436435720245	0.0533429087464429	1.46	1.315062686160028	1.620911324177446
2	191939021	rs138324598	C	T	3.774e-06	0.4317824164255378	0.0933895503240475	1.54	1.282407150011892	1.8493346672139253
2	191940451	rs7601754	A	G	9.31063e-25	-0.3856624808119846	0.0375407925920519	0.68	0.6317620655429524	0.7319211222386414
2	191940567	rs112574547	T	C	1.25774e-06	-0.3147107448397002	0.0649381157211824	0.73	0.6427564154373387	0.8290854625502395
2	191958656	rs4274624	T	C	9.73273e-66	0.5596157879354227	0.032679116321158	1.75	1.6414249227677005	1.8657569758573809
2	191975567	rs143225659	T	C	3.36004e-07	0.5423242908253617	0.1062954875850833	1.72	1.3965223843364574	2.118404998861262
2	192008203	rs35672585	G	A	1.54279e-06	0.1823215567939546	0.0379393019224972	1.2	1.114003769248512	1.292634764576604
2	210641048	rs1544581	T	G	6.34841e-06	-0.1278333715098848	0.0283165472105591	0.88	0.8324902207506651	0.9302211373747014
2	213890232	rs10048743	T	G	2.03803e-08	0.2311117209633866	0.0412056279051063	1.26	1.1622394336623154	1.3659835951335235
2	223961877	rs10200680	C	T	4.96262e-09	-0.2484613592984996	0.0424834960138788	0.78	0.7176817800247309	0.8477294769543053
2	233288667	rs2573219	A	C	1.13327e-42	0.5877866649021191	0.0429291662911072	1.8	1.6547426511965313	1.958008393424308
3	21369907	rs145156089	T	C	1.56699e-06	0.5007752879124892	0.1042739361536571	1.65	1.345005864209447	2.024154743444336
3	29378090	rs6773182	A	C	6.873880000000001e-06	-0.1278333715098848	0.0284228475928929	0.88	0.8323167905219184	0.9304149679767956
3	55008091	rs17054615	A	G	5.82438e-06	-0.3856624808119846	0.0850851262186508	0.68	0.5755499110317904	0.8034055624664312
3	58163692	rs6797266	G	A	3.97653e-06	-0.1392620673335076	0.0301916289471359	0.87	0.8200108885685268	0.923036523723852
3	58429135	rs62259783	G	A	8.28098e-08	-0.1625189294977749	0.0303156233747772	0.85	0.8009653820098428	0.9020364877531266
3	123925271	rs1444766	A	G	2.0014e-07	0.1570037488096647	0.0301976308328243	1.17	1.1027602913239094	1.2413395828358842
3	129084581	rs9852014	A	G	2.25712e-36	0.62057648772511	0.0492726846903878	1.86	1.688772655475723	2.048588357220552
3	146601295	rs1464446	G	T	2.79229e-16	-0.3285040669720361	0.0401497275524672	0.72	0.6655127166100268	0.7789483011543546
3	153678422	rs114080737	G	T	6.587029999999999e-06	-0.5978370007556204	0.1326576892412732	0.55	0.4240745254314333	0.713318018082437
3	159533769	rs1965998	G	T	1.6049900000000001e-07	-0.1625189294977749	0.0310145349422911	0.85	0.7998689174039629	0.903273004212903
3	159629972	rs79153365	G	A	3.17002e-07	0.5007752879124892	0.0979406618341664	1.65	1.3618057694832726	1.999183775695878
3	159748367	rs112992337	A	G	1.8931100000000002e-07	-0.1625189294977749	0.0311964163121097	0.85	0.7995838249643549	0.9035950671365928
3	159900548	rs73154513	G	A	2.78353e-06	0.3987761199573678	0.08509622232783	1.49	1.2611039954424286	1.7604416511432353
3	169512241	rs7643115	G	A	5.703150000000001e-06	-0.1508228897345836	0.0332420923196531	0.86	0.8057535192058056	0.9178985662128908
4	9520869	rs13152726	T	C	6.849389999999999e-06	0.1570037488096647	0.0349027848111791	1.17	1.092637273155416	1.252840291679569
4	81128045	rs12711161	T	G	9.00918e-06	0.1397619423751586	0.0314801679383869	1.15	1.0811884072149311	1.2231910656595657
4	102743687	rs13136219	C	T	3.5042699999999987e-10	-0.1743533871447778	0.0277869607128375	0.84	0.7954750225372392	0.8870171658557237
4	102923745	rs10018650	C	T	5.6331e-06	0.131028262406404	0.0288626788960153	1.14	1.0772994622682135	1.206349808495904
5	36916867	rs147985830	G	A	1.90748e-06	-0.1863295781914934	0.0391203193787841	0.83	0.7687377429074806	0.8961443695927788
5	93307314	rs180809602	T	A	6.32305e-07	-0.843970070294529	0.1694351679659224	0.43	0.3084908796806	0.5993694212011667
5	100184647	rs55849330	C	A	8.40912e-07	0.1484200051182732	0.0301322187198328	1.16	1.0934751726844338	1.2305720638326068
5	106496482	rs140986610	T	C	3.74327e-06	0.5709795465857378	0.1234510273191547	1.77	1.389599440123931	2.254534587118568
5	131394455	rs76167168	C	A	3.75775e-06	0.2776317365982795	0.0600369219336046	1.32	1.1734631917542115	1.4848356661236934
5	133428601	rs4388254	C	T	3.71046e-10	0.378436435720245	0.0603976714073197	1.46	1.297004013478796	1.6434798796671946
5	149202268	rs1078324	C	A	7.105439999999999e-20	-0.7133498878774648	0.0781664690124601	0.49	0.4203968355927753	0.5711270391972622
5	150457771	rs6889239	T	C	2.189600000000001e-18	0.2776317365982795	0.0317399624249745	1.32	1.2403844975791294	1.4047257148091252
5	150470963	rs4958885	A	G	8.65376e-07	0.1397619423751586	0.0284068125104675	1.15	1.0877209000702015	1.2158449836852867
5	150504222	rs13183792	A	G	5.677230000000001e-06	-0.1743533871447778	0.0384201903420414	0.84	0.7790679885528832	0.9056975904126802
5	159782450	rs71603662	T	C	3.63982e-07	-0.2613647641344075	0.0513800657602881	0.77	0.6962338435085231	0.8515816999245625
5	159887336	rs2431098	A	G	2.240950000000001e-15	0.2357043333590679	0.0297335195591062	1.2658	1.1941404466025607	1.3417597943010366
6	6727398	rs201060	A	G	9.02198e-06	0.262364264467491	0.0590993476016248	1.3	1.1578091356633555	1.459653364223742
6	17006346	rs4282415	G	A	4.34395e-06	-0.1392620673335076	0.0303125269574111	0.87	0.8198166017262801	0.9232552724672844
6	25244395	rs183779130	G	A	6.003619999999999e-08	0.3506568716131693	0.0647124410146355	1.42	1.2508464563538702	1.6120283906608848
6	25386552	rs188542	C	T	1.7453299999999998e-06	0.1397619423751586	0.0292335426626166	1.15	1.0859597940320018	1.2178167251383778
6	25514179	rs35789010	G	A	2.46858e-19	0.5007752879124892	0.0557025649198173	1.65	1.47934328162805	1.8403436401886568
6	25601125	rs9295666	T	A	5.41711e-06	-0.1278333715098848	0.0281079128690532	0.88	0.8328307150200142	0.9298408260331632
6	25930088	rs3884025	G	A	2.12621e-21	0.5128236264286637	0.0539890845954783	1.67	1.5023116481812162	1.8564057619977856
6	26189356	rs13204572	G	C	4.14939e-26	0.5481214085096876	0.0518612853593633	1.73	1.5627909436104883	1.9150994010021305
6	26379537	rs4712984	C	T	3.92082e-06	0.1397619423751586	0.030280760745086	1.15	1.0837330960184404	1.2203189187990775
6	26599509	rs45527431	A	G	5.67525e-32	0.5877866649021191	0.0499459380533683	1.8	1.6321409615611038	1.985122655644288
6	26753749	rs115942104	A	G	1.61027e-06	-0.1743533871447778	0.0363460314234272	0.84	0.7822416203469956	0.9020230855103336
6	26903379	rs71206067	C	T	1.9326e-30	0.5709795465857378	0.049793313584185	1.77	1.6054187917109388	1.9514534252219529
6	27390115	rs13191227	G	C	1.4132100000000002e-32	0.5877866649021191	0.0494554052533107	1.8	1.633710928763055	1.9832149880108405
6	27692611	rs77997983	T	A	4.19054e-06	-0.2613647641344075	0.0567974213035629	0.77	0.6888803297702667	0.8606719837649088
6	27698837	rs13202295	C	T	1.1153399999999999e-34	0.6097655716208943	0.0496423429380137	1.84	1.6694038380015683	2.028029361698892
6	28080628	rs34588114	C	A	3.177889999999999e-34	0.598836501088704	0.0490922208765575	1.82	1.6530395556586743	2.0038237975981965
6	28147855	rs62401437	G	A	5.02183e-07	-0.1743533871447778	0.0346938987900404	0.84	0.7847787651357121	0.8991068965506224
6	28354835	rs67981811	C	G	9.95936e-35	0.6097655716208943	0.0496053700856889	1.84	1.6695248187233405	2.0278824022447988
6	28608453	rs79124765	G	C	1.04195e-11	0.2311117209633866	0.0339840929669575	1.26	1.1788069866112258	1.3467853669275844
6	28934352	rs148696809	T	C	1.5519799999999998e-35	0.598836501088704	0.0481314688469738	1.82	1.6561552840833835	2.000053999666633
6	29244219	rs144447022	G	T	2.09148e-37	0.62057648772511	0.0485543117003888	1.86	1.6911521408308696	2.0457059518608927
6	29645613	rs3129063	C	A	9.77616e-17	0.29266961396282	0.0352296797368025	1.34	1.250595004522827	1.435796555644426
6	29843398	rs9259033	C	T	7.31212e-07	-0.1508228897345836	0.030451522770562	0.86	0.8101726755329626	0.912891809778036
6	29902279	rs9259928	C	G	9.17219e-35	0.5187937934151675	0.0421818455245421	1.68	1.5466903287086409	1.824799669082092
6	30395966	rs115411850	T	C	3.23976e-07	-0.3011050927839216	0.058936933620292	0.74	0.6592704179934511	0.8306151543499705
6	30400763	rs149543464	G	A	8.979999999999999e-52	0.6678293725756554	0.0441136777530871	1.95	1.788480835364164	2.1261060922834822
6	30963600	rs114966475	T	C	4.9365e-07	0.3364722366212129	0.0669095223741887	1.4	1.2279296904694967	1.596182595153797
6	30989692	rs114115115	T	G	2.3746200000000004e-10	-0.3566749439387324	0.0563029768736619	0.7	0.6268620499336338	0.7816711827616243
6	31010047	rs150180633	C	T	2.6609899999999997e-41	0.9282193027394288	0.0689573286277998	2.53	2.210155640529688	2.896130879934752
6	31035118	rs185490114	G	A	2.00052e-12	-0.2613647641344075	0.0371549807365521	0.77	0.7159187999254184	0.8281665463482256
6	31097301	rs3130559	C	T	7.37057e-06	-0.1625189294977749	0.0362547246672898	0.85	0.791695690756236	0.9125981212678578
6	31105466	rs3132558	G	C	9.50225e-07	-0.1743533871447778	0.0355701580033765	0.84	0.7834320894411546	0.9006524107320206
6	31140068	rs116371977	C	T	5.679299999999999e-06	-0.4155154439616658	0.0915637672179898	0.66	0.5515733613165601	0.7897408224361285
6	31203779	rs141444295	G	A	6.98795e-06	-0.4462871026284195	0.0993061015709597	0.64	0.526803817947058	0.7775190422806759
6	31296416	rs115168686	C	G	1.12718e-31	0.378436435720245	0.0323162098787002	1.46	1.37039177259563	1.5554675988477231
6	31319940	rs28380931	C	T	8.137170000000001e-07	-0.1863295781914934	0.0377793482229823	0.83	0.7707608765210229	0.893792122804004
6	31322367	rs3819299	T	G	5.92224e-08	-0.3011050927839216	0.055542832089028	0.74	0.6636707946248706	0.825107876427683
6	31324208	rs12721829	G	T	3.37989e-17	-0.3285040669720361	0.0389563115284267	0.72	0.6670712364014691	0.7771283960563496
6	31326074	rs2853999	A	T	1.6684299999999994e-96	0.8796267475025636	0.0421970885803183	2.41	2.218697814822838	2.6177967820569448
6	31326082	rs9266271	T	C	1.5368200000000002e-26	-0.3285040669720361	0.0308114651495136	0.72	0.6778057485438502	0.7648208961250236
6	31329494	rs2523572	T	C	3.84635e-13	-0.2231435513142097	0.0307323830563889	0.8	0.7532342413214088	0.8496692859809978
6	31340001	rs115032094	A	G	1.97894e-06	0.4317824164255378	0.0907952232176119	1.54	1.2889446450345958	1.8399548880055632
6	31356204	rs114729316	G	A	4.36545e-11	-0.2744368457017603	0.0416374132694011	0.76	0.7004402761615881	0.8246241966056654
6	31421514	rs189415357	T	A	7.449160000000001e-07	0.3220834991691132	0.0650769450506407	1.38	1.2147431883886244	1.567738776560843
6	31461151	rs2904596	T	G	3.89022e-15	-0.2744368457017603	0.0349226678390685	0.76	0.7097196297110846	0.813842503179927
6	31472821	rs4713470	T	C	3.0012099999999993e-24	-0.3285040669720361	0.0323341592934012	0.72	0.6757858661387339	0.7671068987607031
6	31512936	rs45529339	C	T	2.02864e-06	-0.3566749439387324	0.0750807663533977	0.7	0.6042101289167648	0.8109761431482087
6	31564167	rs2515919	A	G	1.14312e-13	-0.2231435513142097	0.0300602348871336	0.8	0.7542272138859881	0.8485506598237715
6	31571971	rs115128935	T	C	1.25347e-11	-0.9942522733438668	0.1467767006931019	0.37	0.2774999275984005	0.4933334620473215
6	31711124	rs2293861	C	T	9.84274e-21	-0.3856624808119846	0.0413015520648819	0.68	0.6271224120602459	0.7373361103152195
6	31774846	rs118142743	G	A	3.53295e-10	-0.9942522733438668	0.1584875133280155	0.37	0.2712029624555812	0.5047879962683743
6	31778529	rs2075799	C	T	4.30365e-07	-0.2613647641344075	0.0517040896754956	0.77	0.6957918149115478	0.8521227000570164
6	31807196	rs191022110	G	C	7.824979999999995e-47	1.1600209167967532	0.0807174020970224	3.19	2.7232194690152274	3.7367902645319617
6	31826414	rs2507954	A	G	5.0696e-07	-0.1508228897345836	0.0300225124958766	0.86	0.8108542039359035	0.9121245180822468
6	31847180	rs146903072	G	A	4.53363e-14	-0.916290731874155	0.1214484194014545	0.4	0.3152688116031719	0.5075034196576081
6	31879740	rs114408539	G	A	1.9412300000000002e-07	-0.4155154439616658	0.079831911558663	0.66	0.5644034250079206	0.7717883710466267
6	31918860	rs1270942	A	G	1.4454999999999998e-101	0.9282193027394288	0.0433821748358447	2.53	2.3237685436167803	2.7545342317257866
6	32058676	rs115461385	C	T	5.3178300000000005e-06	-0.342490308946776	0.0752421368962178	0.71	0.6126478994248322	0.8228217226783286
6	32076499	rs2269426	G	A	3.67725e-24	-0.3011050927839216	0.0296952693002774	0.74	0.698159410414333	0.784348089893995
6	32088475	rs144251373	G	A	1.74217e-06	-0.371063681390832	0.0776082484074092	0.69	0.592635435916193	0.8033606685431599
6	32201707	rs12182351	T	C	7.93704e-25	-0.3566749439387324	0.0346672056290509	0.7	0.654016520610495	0.749216548142556
6	32285362	rs116667074	C	T	1.5640899999999997e-95	0.9001613499442714	0.0434057796011769	2.46	2.2593700193510613	2.6784457384887084
6	32390436	rs143810596	T	G	4.40935e-08	-0.616186139423817	0.112573796157699	0.54	0.4330808794332931	0.673315340962576
6	32403103	rs187945777	C	T	1.1326700000000001e-15	0.9516578757114464	0.1187856624623944	2.59	2.0520472990971643	3.268979230133413
6	32454348	rs114686133	A	G	1.80187e-48	0.6981347220709843	0.0477186552641236	2.01	1.8305311264072472	2.207064355103011
6	32455171	rs115244821	C	T	2.62716e-14	-0.2613647641344075	0.0343202016609358	0.77	0.7199076353841464	0.8235778742416386
6	32455349	rs185973846	A	G	1.7279799999999994e-32	-0.4004775665971252	0.0337432610915791	0.67	0.6271218881138205	0.7158098106735612
6	32455569	rs79197920	T	C	1.6081900000000002e-41	0.4510756193602167	0.0334181184788612	1.57	1.4704612206761207	1.6762767799253044
6	32458295	rs138894017	C	T	1.71339e-11	-0.3147107448397002	0.046772310022112	0.73	0.6660540387407125	0.8000852318342478
6	32458973	rs147855647	T	G	8.25406e-12	0.2390169004704999	0.0349743293346592	1.27	1.1858587728864791	1.3601113698168854
6	32459025	rs115662768	A	T	1.0240299999999999e-21	-0.3147107448397002	0.0328698583631292	0.73	0.6844527485576685	0.7785782161339374
6	32459129	rs190898689	T	C	3.29873e-23	-0.3566749439387324	0.0359433983682875	0.7	0.6523826486706871	0.7510929375550337
6	32459152	rs192276657	A	C	1.50027e-11	-0.2357223335210698	0.0349328290328206	0.79	0.7377201857152301	0.8459847135603675
6	32460904	rs140522203	C	A	1.23212e-07	-0.2357223335210698	0.0445712316379916	0.79	0.723914528928475	0.8621183510763093
6	32469564	rs114823390	A	T	4.831699999999999e-34	-0.4004775665971252	0.0329231081891543	0.67	0.6281307970469149	0.7146600709763826
6	32469662	rs116191291	C	T	5.681659999999999e-34	-0.4004775665971252	0.0329589839495241	0.67	0.628086630646633	0.7147103251311762
6	32469697	rs79608159	T	G	4.409959999999999e-34	-0.4004775665971252	0.0329029390187262	0.67	0.6281556285368353	0.7146318198972825
6	32471064	rs113753702	T	C	1.8772400000000002e-29	-0.3856624808119846	0.0342248043940724	0.68	0.6358814722324757	0.7271795455473634
6	32471830	rs78666937	G	C	5.864809999999999e-20	-0.342490308946776	0.0374437536636649	0.71	0.6597593932384553	0.7640664235572379
6	32471880	rs74624624	C	T	6.81404e-22	-0.3566749439387324	0.0370900729741649	0.7	0.6509180766785034	0.7527829039567709
6	32471904	rs76684596	A	G	4.89397e-19	-0.342490308946776	0.0384188538393865	0.71	0.6584996676727998	0.765528100844055
6	32474548	rs183295178	C	T	9.45342e-25	-0.342490308946776	0.0333431323474215	0.71	0.6650833895637414	0.7579500674805036
6	32479137	rs185292106	T	A	1.2089999999999998e-25	-0.3856624808119846	0.0368412805238028	0.68	0.6326288329658176	0.730918314032937
6	32479244	rs113008589	A	T	1.3467e-09	-0.2484613592984996	0.0409885621968633	0.78	0.7197877218519488	0.8452492054666364
6	32479512	rs113327522	T	C	9.27747e-12	-0.3285040669720361	0.0481869084056384	0.72	0.6551111209391512	0.7913161346686259
6	32479655	rs112074290	G	A	4.3241000000000006e-11	-0.2231435513142097	0.0338479672953641	0.8	0.748648597918577	0.8548737041375003
6	32480134	rs113314718	T	C	1.7855600000000002e-18	-0.3147107448397002	0.0358846351178775	0.73	0.680420268594392	0.7831924247360554
6	32480380	rs78438144	T	C	1.73317e-06	0.1739533071234379	0.036374545977406	1.19	1.1081136962533658	1.2779374578510887
6	32481806	rs184528465	T	A	3.81928e-07	0.1823215567939546	0.0359059636806249	1.2	1.1184523149231698	1.2874934235340365
6	32482464	rs191002062	T	G	2.63303e-27	0.418710334858185	0.0386814636875985	1.52	1.4090203364043123	1.639720833196719
6	32484807	rs186378979	T	C	1.51777e-23	-0.3566749439387324	0.0356660544367233	0.7	0.6527373764385004	0.7506847588130517
6	32484837	rs191255170	G	A	1.8377e-36	-0.4155154439616658	0.0329487883457933	0.66	0.6187245674102057	0.7040289378249359
6	32485916	rs146222234	A	G	3.07006e-12	0.2468600779315258	0.035394768769844	1.28	1.1942117342810334	1.3719510141862632
6	32486145	rs117802264	C	T	2.85502e-09	-0.2876820724517809	0.0484335742403768	0.75	0.6820775772577234	0.8246862508829536
6	32489822	rs115417906	C	T	2.5525600000000002e-15	-0.3856624808119846	0.0487499346512709	0.68	0.6180336626326831	0.7481793111887804
6	32489891	rs112906420	C	T	2.70431e-06	-0.3011050927839216	0.0641729449376151	0.74	0.6525392000651346	0.8391833010880267
6	32491368	rs116572578	T	C	1.35962e-15	-0.3856624808119846	0.0482737724430719	0.68	0.6186107290486113	0.7474813776850354
6	32515580	rs189586157	A	G	5.480819999999999e-47	0.7178397931503168	0.049863758503934	2.05	1.859126635197796	2.26047000803304
6	32520557	rs185079571	A	G	1.90239e-06	-0.3147107448397002	0.0660667620679982	0.73	0.641336115399512	0.8309215514364676
6	32537468	rs114015773	C	T	9.324580000000001e-22	0.3576744442718159	0.0373194728106567	1.43	1.3291348974642736	1.5385195316903233
6	32537489	rs114012503	A	G	1.08563e-26	0.412109650826833	0.0385364634357274	1.51	1.4001483320776789	1.6284703182958922
6	32540228	rs190672020	A	T	3.13169e-10	-0.6931471805599453	0.1101612355624521	0.5	0.4029014844968436	0.6204990788559841
6	32542378	rs116206645	T	A	2.1606900000000003e-10	-0.2613647641344075	0.041163291854994	0.77	0.7103163703364894	0.8346984875473626
6	32544369	rs142202487	T	C	2.55523e-07	-0.8915981192837836	0.1730046738997225	0.41	0.2920917598178476	0.5755040816790908
6	32548008	rs149860663	G	A	1.18204e-09	-0.2613647641344075	0.0429688187803943	0.77	0.7078071220091758	0.8376575786875367
6	32552686	rs115772678	A	G	1.30146e-34	0.4574248470388755	0.0372778545121112	1.58	1.4686744395807425	1.6997640407717858
6	32575340	rs73410643	A	T	1.04422e-09	-0.6733445532637656	0.1103391289888318	0.51	0.4108162494520485	0.6331297760176827
6	32575853	rs114653220	T	C	9.00348e-10	-0.6733445532637656	0.1099132904714345	0.51	0.4111592776951558	0.6326015588363905
6	32604898	rs9272400	A	G	5.49313e-51	0.4824261492442928	0.0321205365194927	1.62	1.5211549740501484	1.725268000151496
6	32605266	rs1047992	G	A	2.60095e-17	-0.4620354595965587	0.0545933432321657	0.63	0.5660695025281667	0.7011506506310164
6	32610749	rs7708	G	A	2.6208999999999997e-10	-0.371063681390832	0.0587154959134466	0.69	0.6149919790958805	0.7741564381049809
6	32617429	rs28823582	C	G	1.77474e-35	-0.4307829160924542	0.0346540144438001	0.65	0.607316756656191	0.6956830934918236
6	32622122	rs17843693	G	A	7.625950000000001e-42	0.4317824164255378	0.031859266060459	1.54	1.4467769003603697	1.6392299320021433
6	32624017	rs145607970	C	A	3.54288e-14	0.5007752879124892	0.0660935819574564	1.65	1.4495191304769297	1.8782090851772515
6	32627130	rs4713576	T	C	5.7904e-28	-0.4155154439616658	0.0379034874762196	0.66	0.6127450840238107	0.7108992162604979
6	32628084	rs2854277	C	T	4.875239999999999e-99	0.85015092936961	0.0402473887017147	2.34	2.162502352131665	2.5320666100559297
6	32633697	rs9274476	C	A	1.46832e-44	0.5007752879124892	0.0357588210523424	1.65	1.538315518556864	1.769792976251095
6	32633819	rs28746833	A	G	4.854699999999999e-48	0.4510756193602167	0.0309748544426048	1.57	1.4775198493922457	1.6682686198861545
6	32723308	rs114920411	G	A	5.16426e-07	-0.3011050927839216	0.0599798110644323	0.74	0.6579242193368855	0.8323147011549747
6	32779583	rs2097294	C	T	1.2050800000000001e-23	0.6981347220709843	0.0696517213329634	2.01	1.753506238368398	2.304012333460091
6	32787056	rs1894406	C	T	2.22259e-20	-0.2876820724517809	0.0310971715305522	0.75	0.7056523896669247	0.7971346915802352
6	32798795	rs241433	A	C	4.52517e-07	-0.1508228897345836	0.0298930066123769	0.86	0.8110600504245004	0.9118930215005668
6	32805049	rs2239701	T	C	2.3098e-08	0.1570037488096647	0.0281014466530694	1.17	1.1073003251561715	1.2362499756395653
6	32813214	rs3198005	G	A	1.89538e-06	0.3001045924503381	0.0629906688973983	1.35	1.1932049013809238	1.5273990224904193
6	32914726	rs73396800	G	C	2.01268e-41	0.6981347220709843	0.051785054635925	2.01	1.8159995184067963	2.224725259588416
6	32925585	rs209475	G	A	5.41223e-07	-0.1508228897345836	0.0300978147219554	0.86	0.8107345368789923	0.9122591506304488
6	32977315	rs403414	A	G	3.761100000000001e-07	-0.1863295781914934	0.0366742285147731	0.83	0.7724321806674331	0.8918582333076079
6	33031467	rs116733694	A	G	1.2376200000000002e-07	0.2311117209633866	0.0437061745615975	1.26	1.156557151170243	1.3726948109685833
6	33134392	rs2855453	A	C	7.66479e-08	0.1739533071234379	0.0323643295154179	1.19	1.116857816275037	1.267932210675662
6	33401291	rs116323349	C	A	9.35615e-15	0.5481214085096876	0.0707462099852508	1.73	1.506002571588902	1.98731400361578
6	33446533	rs189804574	C	T	3.10335e-13	0.9516578757114464	0.1305458743426552	2.59	2.005288542749158	3.3452043718374345
6	33475733	rs77796907	A	G	2.91659e-10	0.3987761199573678	0.0632661777252915	1.49	1.316233714336606	1.6867065292571926
6	33528892	rs192316015	C	T	1.4812e-12	0.9282193027394288	0.1311741146627645	2.53	1.9564234540846408	3.271735465364685
6	33563946	rs501480	T	C	2.07494e-11	0.1988508587451651	0.0296763520931122	1.22	1.1510622465003566	1.293066473620581
6	33652542	rs77322067	C	T	7.33958e-12	0.5187937934151675	0.075726564533403	1.68	1.448269980100832	1.9488079148084647
6	34674502	rs7752538	G	A	1.2249000000000001e-08	0.3364722366212129	0.0590693488867237	1.4	1.246944691919926	1.571841969175216
6	34852891	rs57951780	C	T	5.36702e-06	0.1397619423751586	0.0307175533356689	1.15	1.0828056945459734	1.2213640976043552
6	34948771	rs13215208	C	T	2.0706000000000004e-08	0.29266961396282	0.0522065269903679	1.34	1.209666644286473	1.4843758885813887
6	35278796	rs10755687	C	A	9.70467e-06	0.1570037488096647	0.0354918923585736	1.17	1.0913763867434565	1.2542877201921536
6	36345840	rs7764323	G	A	2.71099e-06	-0.2357223335210698	0.0502436648994531	0.79	0.7159106454090578	0.8717568372564163
6	106574794	rs7768653	T	C	3.10827e-12	0.2070141693843261	0.0296890709490796	1.23	1.1604682533224948	1.3036978785662343
6	135997778	rs7739635	C	T	8.494860000000001e-06	0.131028262406404	0.0294292298092156	1.14	1.0761038500302609	1.2076901313599555
6	137973068	rs2327832	A	G	3.3994400000000003e-06	0.1570037488096647	0.0338000065643466	1.17	1.0950015030802456	1.2501352702706583
6	138243739	rs58721818	C	T	3.3767400000000004e-18	0.6575200029167941	0.0755940669740017	1.93	1.664218479651594	2.238227760083406
6	138251635	rs9285486	C	T	4.76537e-06	0.1397619423751586	0.0305499887932129	1.15	1.083161375038146	1.2209630351280063
7	26657874	rs28421776	C	G	8.127660000000001e-08	-0.3856624808119846	0.071894661692074	0.68	0.5906237969014551	0.7829010656628705
7	28162674	rs12531540	C	T	4.7716900000000006e-06	-0.1278333715098848	0.0279442664832312	0.88	0.8330978857483858	0.9295426302808864
7	36819813	rs4723572	C	T	1.76425e-06	0.1397619423751586	0.0292468039475226	1.15	1.0859315680032693	1.2178483791862824
7	42121585	rs866417	T	C	5.75439e-08	-0.1625189294977749	0.0299503950617824	0.85	0.8015389563422912	0.9013909982579332
7	50162598	rs71538367	A	T	6.640170000000001e-07	-0.1508228897345836	0.0303368754852364	0.86	0.8103547488207945	0.9126866981112224
7	73090016	rs118120097	C	A	8.25581e-06	0.6097655716208943	0.1367665598164867	1.84	1.4073424157607917	2.405668984381308
7	73537622	rs188868115	C	T	1.5252600000000002e-06	0.5187937934151675	0.1079045057255893	1.68	1.3597501398803171	2.075675462146614
7	73605165	rs150727739	C	T	1.06724e-06	0.5187937934151675	0.1063359802342104	1.68	1.363936865631498	2.0693039913495106
7	73866009	rs2097926	A	T	1.4477100000000002e-06	0.4382549309311553	0.0909559347167165	1.55	1.2969058328556653	1.85248607812174
7	90976132	rs11762520	A	T	8.39082e-06	0.1906203596086497	0.0427883280358998	1.21	1.1126618823068126	1.3158534711053214
7	92556186	rs10252453	G	A	3.00701e-06	0.1906203596086497	0.040815088917807	1.21	1.1169734885907003	1.3107741723102788
7	128570026	rs12706860	C	G	2.25765e-18	-0.2744368457017603	0.0313871094329012	0.76	0.7146548499434917	0.8082223188517803
7	128577304	rs3757385	G	T	3.988180000000001e-18	-0.2613647641344075	0.0301141765403657	0.77	0.7258669465605593	0.8168163639485051
7	128585616	rs35000415	C	T	1.8609e-45	0.5877866649021191	0.0415389546973021	1.8	1.6592576668337302	1.9526804454564992
7	128679111	rs149984237	T	C	2.0805300000000002e-13	0.8415671856782185	0.1146000191497642	2.32	1.8532690766938296	2.9042733554924585
7	128706037	rs73228772	C	T	1.09847e-07	-0.5978370007556204	0.1125948159074572	0.55	0.441082723305763	0.6858123975767328
7	128727859	rs57356518	A	C	2.48496e-16	0.3987761199573678	0.0486549040973557	1.49	1.3544730800995142	1.6390875777589375
7	128738941	rs7799991	A	T	5.76968e-11	0.1906203596086497	0.0291041844560314	1.21	1.1429083045169064	1.2810301528247774
7	128771234	rs117020262	G	A	2.51965e-08	0.6097655716208943	0.1094356926358078	1.84	1.4847874252893407	2.280191724643848
7	147918464	rs6947963	G	T	1.42115e-07	-0.2231435513142097	0.0424026306770628	0.8	0.7362005525889554	0.8693283341738166
8	8301794	rs2976855	G	A	4.90122e-07	0.1484200051182732	0.0295061384214907	1.16	1.0948178187022817	1.2290629335892411
8	8726804	rs1567398	G	T	8.50357e-08	0.1570037488096647	0.0293130522868911	1.17	1.1046738867817598	1.2391892452423297
8	9035078	rs106380	C	G	8.926060000000001e-08	-0.1625189294977749	0.0303925311399116	0.85	0.8008446542126167	0.9021724702780908
8	10185120	rs71516568	G	T	3.77029e-06	-0.1278333715098848	0.0276476626084024	0.88	0.833582342672315	0.9290024036706594
8	10584642	rs11774893	C	T	6.162210000000001e-07	0.1484200051182732	0.0297669742653925	1.16	1.0942582490010542	1.2296914382216402
8	11014616	rs34208825	G	T	1.59824e-08	0.1625439291852802	0.0287654277837771	1.1765	1.1120038863363544	1.2447368817750044
8	11339965	rs2736332	G	C	4.83401e-18	0.2776317365982795	0.03206937966508	1.32	1.239583892151298	1.4056329797703846
8	11740999	rs28592224	T	C	7.241930000000001e-07	-0.1625189294977749	0.0328005597130451	0.85	0.7970737846194964	0.9064405503499324
8	19195543	rs1343964	C	G	6.12261e-06	-0.3147107448397002	0.0695937769385924	0.73	0.6369178805595993	0.8366855700954591
8	50609940	rs7386188	G	T	1.10468e-08	-0.4942963218147801	0.0865089103731439	0.61	0.5148633331057471	0.7227160608921723
8	55511676	rs7823055	T	G	1.6430299999999994e-34	0.3506568716131693	0.0286208394044199	1.42	1.3425355485007864	1.5019341590259714
8	74143975	rs1833676	C	T	2.35388e-06	-0.2231435513142097	0.0472722279345569	0.8	0.729207378164369	0.877665283106528
8	108607014	rs147100764	G	A	1.21183e-06	0.3506568716131693	0.0722453680834407	1.42	1.2325139559660487	1.6360058157877315
8	113962029	rs78664784	T	C	9.8465e-06	-0.3147107448397002	0.0711931972671224	0.73	0.6349243560708004	0.8393125809471644
8	130222310	rs12679073	G	A	3.16926e-06	-0.1508228897345836	0.0323686636370091	0.86	0.8071340863192557	0.9163285413614124
9	8993618	rs9942952	G	A	8.33188e-06	0.1397619423751586	0.0313615540871628	1.15	1.0814397945203769	1.2229067274027343
9	9849056	rs10978034	C	G	8.890730000000001e-07	0.3364722366212129	0.0684620719827078	1.4	1.224198783268559	1.6010471720670092
9	122958858	rs16909571	C	G	2.84108e-06	-0.1625189294977749	0.0347115320812033	0.85	0.7940939241291209	0.9098419948148606
10	8472876	rs10905367	G	C	1.1755e-07	-0.1625189294977749	0.0306797805221943	0.85	0.8003938985350627	0.9026805443199534
10	50025396	rs7097397	G	A	8.60398e-11	-0.1863295781914934	0.028711836349021	0.83	0.7845815368304536	0.8780476823135716
10	61534883	rs7922768	C	A	8.589439999999999e-06	0.1823215567939546	0.040971691484521	1.2	1.1074023433467732	1.300340394483955
10	63825561	rs7899626	C	T	4.18576e-08	0.1823215567939546	0.0332531863869558	1.2	1.1242827890122318	1.280816547289806
10	71704566	rs4082517	G	A	2.16197e-06	-0.1984509387238383	0.0418879394449303	0.82	0.7553671926841535	0.8901630975137608
10	101859870	rs7068215	A	G	9.63085e-06	-0.1278333715098848	0.0288869413019642	0.88	0.8315600396999133	0.9312616804908748
11	625085	rs58688157	A	G	2.96791e-11	-0.2231435513142097	0.0335647368829191	0.8	0.7490643117961409	0.854399268422465
11	11767584	rs80315778	G	A	8.13848e-07	0.2070141693843261	0.0419735305428622	1.23	1.1328607260093757	1.3354686637688944
11	35101738	rs353608	G	A	2.93228e-11	-0.1863295781914934	0.0280197709841733	0.83	0.7856465030996845	0.8768574636073838
11	85026989	rs74412165	G	C	4.155e-06	-0.6539264674066639	0.1420506317312369	0.52	0.3936292881587797	0.6869407539891385
11	128324869	rs12575600	C	G	3.5483300000000004e-06	0.2231435513142097	0.0481304602903323	1.25	1.1374715370373525	1.3736607458940664
11	128499000	rs7941765	C	T	1.1364e-06	-0.1392620673335076	0.0286169653095093	0.87	0.8225456311002532	0.9201921101781984
11	128500477	rs76186320	A	C	5.00749e-06	0.2390169004704999	0.0523646135069685	1.27	1.1461199233753845	1.4072698389623342
12	1638692	rs7978841	A	G	9.35136e-06	0.131028262406404	0.0295664562382804	1.14	1.0758144559685294	1.2080149999750671
12	5012503	rs73050535	C	T	9.10536e-09	-0.7133498878774648	0.1241341633444946	0.49	0.3841766339028485	0.6249729390380285
12	34129015	rs10844759	A	G	7.64845e-06	0.1397619423751586	0.0312331466394346	1.15	1.08171200402441	1.2225989866801517
12	109638760	rs10849926	G	T	1.65513e-06	-0.2613647641344075	0.0545472282249251	0.77	0.6919252624373745	0.8568844529703276
12	111973358	rs597808	A	G	3.50683e-08	-0.1625189294977749	0.0294736424004514	0.85	0.8022882926188387	0.9005491001764554
12	112273499	rs11513729	C	T	4.94566e-07	0.1484200051182732	0.0295162950673902	1.16	1.0947960243524706	1.2290874008205044
12	112610714	rs11066188	G	A	3.720750000000001e-07	0.1484200051182732	0.0292009219056619	1.16	1.0954729613448706	1.2283278980688468
12	112883476	rs11066309	G	A	3.20572e-07	0.1484200051182732	0.029039709734708	1.16	1.095819159042713	1.2279398374230746
12	129261435	rs1009858	C	T	1.88024e-06	0.1397619423751586	0.0293254797757955	1.15	1.0857641252453265	1.218036191517364
12	129273505	rs35429841	C	T	6.475880000000002e-08	0.262364264467491	0.0485397972843657	1.3	1.182021681395809	1.429753807903368
13	20946829	rs117398816	C	T	1.6041899999999998e-06	0.29266961396282	0.061000813424603	1.34	1.1889945329215517	1.5101835629032885
13	46785521	rs912784	C	A	4.0808e-06	0.3220834991691132	0.0699083629498482	1.38	1.2032943749772385	1.5826551171537082
13	48403372	rs725772	C	T	6.697760000000001e-06	0.131028262406404	0.0290975158533805	1.14	1.07680371650134	1.2069051955193382
13	50383685	rs1198325	T	C	2.4781e-06	-0.1278333715098848	0.0271412850457539	0.88	0.8344100838650443	0.9280808261723376
13	82772038	rs11618747	T	C	1.46625e-06	0.4382549309311553	0.0910039094435029	1.55	1.296783889931052	1.852660276437994
13	110556571	rs381259	G	A	6.538580000000001e-06	-0.1625189294977749	0.0360497795428488	0.85	0.7920137728143871	0.9122316111153308
16	11177801	rs7200786	G	A	7.20586e-08	0.1570037488096647	0.0291505545071936	1.17	1.105025776642108	1.238794631705098
16	13046720	rs924546	G	A	6.12203e-06	-0.1508228897345836	0.0333521755631527	0.86	0.8055796860366001	0.9180966362729228
16	30548937	rs191275784	G	A	8.35547e-07	0.6678293725756554	0.135548237694026	1.95	1.4950427872920886	2.5434054679380225
16	31158647	rs28385574	C	T	3.21115e-06	0.2468600779315258	0.0530103235114577	1.28	1.1536834732481525	1.420146892966358
16	31276811	rs1143679	G	A	5.026939999999999e-48	0.5822156198526637	0.0399866342066757	1.79	1.6550675385825524	1.9359330814645088
16	31282098	rs12598380	C	T	1.56454e-14	-0.2357223335210698	0.0306844662691201	0.79	0.7438886737447515	0.8389696227773805
16	31327376	rs62051483	A	G	4.00256e-15	0.2700271372130602	0.0343771290924903	1.31	1.2246412747732354	1.4013083139940448
16	48893010	rs144041989	C	G	6.800880000000001e-06	-0.579818495252942	0.1288535092967533	0.56	0.4350164756842118	0.7208922363383065
16	48926175	rs181706629	C	G	4.09771e-06	-0.7133498878774648	0.154861817265931	0.49	0.3617220970384119	0.6637692360124278
16	48962404	rs187315307	G	A	1.0147e-06	-0.7550225842780328	0.1544403184189672	0.47	0.3472446832850053	0.6361508487624375
16	57374418	rs9921681	C	T	2.99181e-06	0.1397619423751586	0.0299187614920747	1.15	1.0845022975871523	1.2194533869982158
16	58329828	rs10852562	C	T	1.9921400000000005e-07	0.1739533071234379	0.0334521118333474	1.19	1.1144791524541575	1.2706383936223955
16	81891432	rs4888180	C	G	8.77291e-07	0.1739533071234379	0.0353755049501141	1.19	1.1102856420742149	1.275437550786002
16	85966683	rs13332649	A	G	5.42755e-17	-0.3147107448397002	0.0375682523381125	0.73	0.6781786572924425	0.7857811422841697
16	85980206	rs62051025	C	T	2.42218e-06	0.1739533071234379	0.036896936857559	1.19	1.1069796946580568	1.2792465903698709
16	86019516	rs11117433	G	C	2.21556e-08	-0.2357223335210698	0.0421364122855136	0.79	0.727377483556805	0.8580139117700094
17	7234112	rs3809822	C	G	1.29384e-07	0.1823215567939546	0.0345324527849858	1.2	1.1214673360673444	1.2840320477363665
17	36177117	rs112679482	C	T	8.287200000000001e-06	-0.1984509387238383	0.0445194148425673	0.82	0.751481271330718	0.894766144749447
17	37581422	rs138641382	G	A	1.85893e-06	0.5877866649021191	0.1232726202769262	1.8	1.4136462072906293	2.291945455157221
17	38007190	rs143123127	G	A	2.23174e-08	0.4700036292457356	0.0840342005166605	1.6	1.3570274325484122	1.886476233713626
17	38068043	rs869402	C	T	5.28589e-07	0.139240067091504	0.0277612102997273	1.1494	1.0885299267721873	1.2136738986290547
17	46117470	rs114759915	C	T	4.43075e-06	0.2390169004704999	0.0520724850268368	1.27	1.1467763472540369	1.4064643065425086
17	47424434	rs62076446	T	C	6.5751e-06	-0.2231435513142097	0.0495104526033924	0.8	0.7260154100511343	0.8815239885265299
17	73324876	rs4789169	G	A	1.34332e-06	-0.1625189294977749	0.0336252896184544	0.85	0.7957863790759344	0.9079069697560864
18	77277478	rs71366535	G	A	6.08212e-06	0.3220834991691132	0.0712020512761607	1.38	1.2002471316926977	1.5866732356312667
19	2180515	rs3810409	G	A	3.7907e-06	0.3293037471426003	0.0712387041174275	1.39	1.2088577277384904	1.5982856838037822
19	10397230	rs75407602	C	T	3.81075e-08	-0.5108256237659907	0.0928874352616865	0.6	0.5001311090270971	0.7198112524939839
19	10408742	rs62130686	A	C	1.56857e-07	0.1570037488096647	0.0299378473957616	1.17	1.103321932861964	1.2407076839750106
19	10426512	rs78295726	C	T	2.9794e-07	-0.2107210313156525	0.0411183411251164	0.81	0.7472817572284924	0.877982091297577
19	10444826	rs2278442	A	G	6.520330000000002e-08	-0.1625189294977749	0.030074316358404	0.85	0.80134429759951	0.901609959869067
19	10459969	rs35251378	G	A	3.6103000000000003e-13	-0.2357223335210698	0.0324265597332014	0.79	0.7413529950007101	0.8418391835044818
19	41020023	rs147154502	A	G	4.13171e-06	-0.9942522733438668	0.2159237847689386	0.37	0.2423280501912279	0.5649366628913504
19	41209177	rs2288450	C	T	4.42779e-06	0.1906203596086497	0.0415274994010718	1.21	1.115414919477398	1.312605716880648
19	50153686	rs73934025	C	A	5.3908900000000005e-06	-0.2357223335210698	0.0518188265963694	0.79	0.713703810707952	0.8744523857605995
19	55763262	rs73068668	G	A	4.39618e-08	-0.3147107448397002	0.0574903460331116	0.73	0.6522079520376223	0.8170706878613156
20	57987383	rs11699710	G	T	6.715989999999999e-06	0.5306282510621704	0.1178520106603133	1.7	1.3493706656539146	2.1417391629745306
22	21984379	rs3747093	G	A	2.8811200000000004e-14	0.262364264467491	0.034505488177048	1.3	1.214987158548139	1.390961203260355
22	22003746	rs73877639	T	A	3.72929e-07	0.2468600779315258	0.0485726928255795	1.28	1.1637616961934467	1.407848363938296
22	27030951	rs756505	T	G	1.40369e-06	0.131028262406404	0.027159043537037	1.14	1.080902712666569	1.2023283731002103
